[GunData001]
TypeName=6IN_MKXXII
FullName=BL 6 inch Mk XXII
Caliber=152.000000
ROF=12.000000
MuzzleVel=920.000000
AmmoWt=20.610001
WarheadWt=2.360000
Reliability=95.000000
Accuracy=85.000000
AddLight=TRUE
MaxLightRange=3500.000000
FireColor=0.500000,0.450000,0.320000
GunFireEffect=ArtilleryFireEffect
GunFireSound=88mmGun
EffectClassName=TankGunEffects
EffectTime=0.100000
TracerTexture=Tracer2.tga
TracerSize=0.200000
TracerDistFactor=0.002000
TracerLength=0.018000
MaxVisibleDist=6000.000000
MaxStreakVisibleDist=1000.000000
TimeFuzed=TRUE