[GunData001]
TypeName=37MM_NS37
FullName=37mm NS-37 Cannon
Caliber=37.000000
ROF=260.000000
MuzzleVel=900.000000
AmmoWt=0.735000
WarheadWt=0.049000
Reliability=93.000000
Accuracy=62.000000
AddLight=TRUE
MaxLightRange=1200.000000
FireColor=0.500000,0.450000,0.320000
GunFireEffect=37mmFireEffect
GunFireSound=NS37
EffectClassName=37mmEffects
EffectTime=0.100000
TracerTexture=Tracer2.tga
TracerSize=0.200000
TracerDistFactor=0.002000
TracerLength=0.018000
MaxVisibleDist=4000.000000
MaxStreakVisibleDist=1000.000000
TimeFuzed=FALSE