[GunData001]
TypeName=30MM_GAU8
FullName=30mm GAU-8/A Cannon
Caliber=30.000000
ROF=4200.000000
MuzzleVel=1030.000000
AmmoWt=0.360000
WarheadWt=0.036000
Reliability=100.000000
Accuracy=50.000000
AddLight=TRUE
MaxLightRange=1200.000000
FireColor=0.500000,0.450000,0.320000
GunFireEffect=Gau8FireEffect
GunFireSound=Avenger
EffectClassName=30mmEffects
EffectTime=0.100000
TracerTexture=Tracer.tga
TracerSize=0.200000
TracerDistFactor=0.002000
TracerLength=0.018000
MaxVisibleDist=4000.000000
MaxStreakVisibleDist=1000.000000
TimeFuzed=FALSE