[GunData001]
TypeName=40MM_TYPE_S
FullName=40mm Type S
Caliber=40.000000
ROF=100.000000
MuzzleVel=615.000000
AmmoWt=1.130000
WarheadWt=0.113000
Reliability=95.000000
Accuracy=78.000000
AddLight=TRUE
MaxLightRange=1200.000000
FireColor=0.500000,0.450000,0.320000
GunFireEffect=37mmFireEffect
GunFireSound=AAA
EffectClassName=37mmEffects
EffectTime=0.100000
TracerTexture=Tracer.tga
TracerSize=0.200000
TracerDistFactor=0.002000
TracerLength=0.018000
MaxVisibleDist=9000.000000
MaxStreakVisibleDist=1000.000000
TimeFuzed=FALSE