[WeaponData001]
TypeName=SPPU-6
FullName=SPPU-6 Gun Pod
ModelName=SPPU-6
Mass=525.000000
Diameter=0.500000
Length=3.600000
SubsonicDragCoeff=0.200000
SupersonicDragCoeff=0.770000
AttachmentType=WP,SOVIET
SpecificStationCode=
NationName=SOVIET
StartYear=1976
EndYear=2020
Availability=2
BaseQuantity=40
Exported=TRUE
ExportStartYear=1987
ExportEndYear=2020
ExportAvailability=2
WeaponDataType=3
GunTypeName=23MM_9A620
MaxRounds=400
MuzzlePosition=-0.100000,1.430000,-0.143000
LightPosition=-0.100000,1.480000,-0.143000
AimDirection=0.000000,1.000000,0.000000
EjectShells=1
EjectPosition=0.000000,0.050000,-0.150000
EjectVelocity=1.000000,0.000000,-2.000000
