[GunData001]
TypeName=15IN_Mk1
FullName=RN 15"/42 Mark 1
Caliber=381.000000
ROF=2.000000
MuzzleVel=785.000000
AmmoWt=871.000000
WarheadWt=27.400000
Reliability=95.000000
Accuracy=95.000000
AddLight=TRUE
MaxLightRange=4000.000000
FireColor=0.400000,0.360000,0.256000
GunFireEffect=ArtilleryFireEffect
GunFireSound=400mmGun
EffectClassName=ArtilleryEffects
EffectTime=1.500000
TracerTexture=
TracerSize=0.000000
TracerDistFactor=0.000000
TracerLength=0.000000
MaxVisibleDist=0.000000
MaxStreakVisibleDist=0.000000
TimeFuzed=FALSE