[GunData001]
TypeName=155mm_M126 
FullName=155mm M-126 Cannon
Caliber=155.000000
ROF=2.000000
MuzzleVel=450.000000
AmmoWt=43.750004
WarheadWt=13.008000
Reliability=80.000000
Accuracy=75.000000
AddLight=TRUE
MaxLightRange=4000.000000
FireColor=0.400000,0.360000,0.256000
GunFireEffect=TankGunFireEffect
GunFireSound=TankGun
EffectClassName=TankGunEffects
EffectTime=1.100000
TracerTexture=Tracer3.tga
TracerSize=0.400000
TracerDistFactor=0.002000
TracerLength=0.218000
MaxVisibleDist=8000.000000
MaxStreakVisibleDist=1000.000000
TimeFuzed=FALSE