[GunData001]
TypeName=13.5IN_MKV
FullName=Vickers 13.5" Mk V
Caliber=343.000000
ROF=2.000000
MuzzleVel=759.000000
AmmoWt=635.000000
WarheadWt=20.200001
Reliability=98.000000
Accuracy=90.000000
AddLight=TRUE
MaxLightRange=4000.000000
FireColor=0.400000,0.360000,0.256000
GunFireEffect=ArtilleryFireEffect
GunFireSound=400mmGun
EffectClassName=ArtilleryEffects
EffectTime=1.500000
TracerTexture=
TracerSize=0.000000
TracerDistFactor=0.000000
TracerLength=0.000000
MaxVisibleDist=0.000000
MaxStreakVisibleDist=0.000000
TimeFuzed=FALSE