[GunData001]
TypeName=40MM_M79
FullName=40MM M79 HE Grenade
Caliber=40.000000
ROF=5.000000
MuzzleVel=650.000000
AmmoWt=0.500000
WarheadWt=0.500000
Reliability=95.000000
Accuracy=58.000000
AddLight=TRUE
MaxLightRange=1200.000000
FireColor=0.500000,0.450000,0.320000
GunFireEffect=37mmFireEffect
GunFireSound=40MM
EffectClassName=GrenadeEffects
EffectTime=0.100000
TracerTexture=Tracer.tga
TracerSize=0.300000
TracerDistFactor=0.002000
TracerLength=0.100000
MaxVisibleDist=4000.000000
MaxStreakVisibleDist=1000.000000
TimeFuzed=TRUE