[GunData001]
TypeName=155mm M284
FullName=155mm M284 cannon
Caliber=155.000000
ROF=1.000000
MuzzleVel=450.000000
AmmoWt=43.750004
WarheadWt=20.000000
Reliability=100.000000
Accuracy=100.000000
AddLight=TRUE
MaxLightRange=4000.000000
FireColor=0.400000,0.360000,0.256000
GunFireEffect=ArtilleryFireEffect
GunFireSound=100MM
EffectClassName=ArtilleryEffects
EffectTime=1.100000
TracerTexture=Tracer3.tga
TracerSize=0.400000
TracerDistFactor=0.002000
TracerLength=0.218000
MaxVisibleDist=8000.000000
MaxStreakVisibleDist=1000.000000
TimeFuzed=FALSE