[GunData001]
TypeName=25MM_GAU12
FullName=25mm GAU-12/A Equalizer
Caliber=25.000000
ROF=4200.000000
MuzzleVel=1100.000000
AmmoWt=0.180000
WarheadWt=0.018000
Reliability=100.000000
Accuracy=50.000000
AddLight=TRUE
MaxLightRange=1200.000000
FireColor=0.500000,0.450000,0.320000
GunFireEffect=23mmFireEffect
GunFireSound=Vulcan
EffectClassName=23mmEffects
EffectTime=0.100000
TracerTexture=Tracer.tga
TracerSize=0.150000
TracerDistFactor=0.002000
TracerLength=0.015000
MaxVisibleDist=4000.000000
MaxStreakVisibleDist=1000.000000
TimeFuzed=FALSE