[GunData001]
TypeName=8MM_HOTCHKISS_M1914
FullName=8mm Hotchkiss M1914
Caliber=8.000000
ROF=600.000000
MuzzleVel=750.000000
AmmoWt=0.012800
WarheadWt=0.000000
CartridgeWt=0.042880
Reliability=65.000000
Accuracy=70.000000
AddLight=TRUE
MaxLightRange=3.000000
FireColor=0.120000,0.120000,0.120000
GunFireEffect=LmgFireEffect
GunFireSound=Hotchkiss
EffectClassName=LmgEffects
EffectTime=0.100000
TracerTexture=Tracer.tga
TracerSize=0.120000
TracerDistFactor=0.002000
TracerLength=0.025000
MaxVisibleDist=4000.000000
MaxStreakVisibleDist=1000.000000
TimeFuzed=FALSE