[GunData001]
TypeName=100MM_KS19
FullName=100mm KS-19 Cannon
Caliber=100.000000
ROF=10.000000
MuzzleVel=900.000000
AmmoWt=15.610001
WarheadWt=1.460000
Reliability=95.000000
Accuracy=68.000000
AddLight=TRUE
MaxLightRange=1200.000000
FireColor=0.500000,0.450000,0.320000
GunFireEffect=TankGunFireEffect
GunFireSound=100MM
EffectClassName=TankGunEffects
EffectTime=0.100000
TracerTexture=Tracer2.tga
TracerSize=0.200000
TracerDistFactor=0.002000
TracerLength=0.018000
MaxVisibleDist=4000.000000
MaxStreakVisibleDist=1000.000000
TimeFuzed=TRUE
