[GunData001]
TypeName=20MM_M167
FullName=20mm M167 Vulcan
Caliber=20.000000
ROF=12000.000000
MuzzleVel=3030.000000
AmmoWt=0.101000
WarheadWt=0.010100
Reliability=100.000000
Accuracy=75.000000
AddLight=TRUE
MaxLightRange=5000.000000
FireColor=0.500000,0.450000,0.320000
GunFireEffect=20mmFireEffect
GunFireSound=Vulcan
EffectClassName=20mmEffects
EffectTime=0.100000
TracerTexture=Tracer.tga
TracerSize=0.080000
TracerDistFactor=0.004000
TracerLength=0.010000
MaxVisibleDist=5000.000000
MaxStreakVisibleDist=1200.000000
TimeFuzed=FALSE