[GunData001]
TypeName=50CAL_M3
FullName=0.50-cal M3 Machinegun
Caliber=12.700000
ROF=1200.000000
MuzzleVel=880.000000
AmmoWt=0.046000
WarheadWt=0.000000
Reliability=95.000000
Accuracy=66.000000
AddLight=FALSE
MaxLightRange=1000.000000
FireColor=0.150000,0.150000,0.150000
GunFireEffect=HmgFireEffect
GunFireSound=50cal
EffectClassName=HmgEffects
EffectTime=0.100000
TracerTexture=Tracer.tga
TracerSize=0.090000
TracerDistFactor=0.002000
TracerLength=0.015000
MaxVisibleDist=4000.000000
MaxStreakVisibleDist=8000.000000
TimeFuzed=FALSE
