[GunData001]
TypeName=Bazooka
FullName=Bazooka
Caliber=80.000000
ROF=3.000000
MuzzleVel=800.000000
AmmoWt=2.550000
WarheadWt=2.550000
Reliability=50.000000
Accuracy=30.000000
AddLight=TRUE
MaxLightRange=2000.000000
FireColor=0.150000,0.150000,0.150000
GunFireEffect=TankGunFireEffect
GunFireSound=Bazooka
EffectClassName=BazookaEffects
EffectTime=0.400000
TracerTexture=Tracer.tga
TracerSize=0.250000
TracerDistFactor=0.002000
TracerLength=0.300000
MaxVisibleDist=4000.000000
MaxStreakVisibleDist=1000.000000
TimeFuzed=FALSE
