[GunData001]
TypeName=4.5IN_MK6
FullName=Vickers 4.5" Mk 6
Caliber=114.000000
ROF=11.000000
MuzzleVel=850.000000
AmmoWt=41.600002
WarheadWt=25.000002
Reliability=98.000000
Accuracy=70.000000
AddLight=TRUE
MaxLightRange=4000.000000
FireColor=0.400000,0.360000,0.256000
GunFireEffect=ArtilleryFireEffect
GunFireSound=50MMGUN
EffectClassName=ArtilleryEffects
EffectTime=0.200000
TracerTexture=
TracerSize=0.000000
TracerDistFactor=0.000000
TracerLength=0.000000
MaxVisibleDist=0.000000
MaxStreakVisibleDist=0.000000
TimeFuzed=FALSE