[GunData001]
TypeName=106MM_Recoilless
FullName=106mm Recoilless Rifle
Caliber=106.000000
ROF=5.000000
MuzzleVel=900.000000
AmmoWt=35.100002
WarheadWt=10.100000
Reliability=99.000000
Accuracy=60.000000
AddLight=TRUE
MaxLightRange=2000.000000
FireColor=0.400000,0.360000,0.256000
GunFireEffect=ArtilleryFireEffect
GunFireSound=100MM
EffectClassName=TankGunEffects
EffectTime=0.100000
TracerTexture=TracerSmoke.tga
TracerSize=0.200000
TracerDistFactor=0.002000
TracerLength=0.018000
MaxVisibleDist=4000.000000
MaxStreakVisibleDist=1000.000000
TimeFuzed=FALSE