[GunData001]
TypeName=75mm_L48
FullName=75mm KWK L48
Caliber=75.000000
ROF=6.000000
MuzzleVel=790.000000
AmmoWt=6.800000
WarheadWt=0.350000
Reliability=90.000000
Accuracy=90.000000
AddLight=TRUE
MaxLightRange=2000.000000
FireColor=0.400000,0.360000,0.256000
GunFireEffect=TankGunFireEffect
GunFireSound=85MM
EffectClassName=TankGunEffects
EffectTime=0.100000
TracerTexture=Tracer3.tga
TracerSize=0.200000
TracerDistFactor=0.002000
TracerLength=0.018000
MaxVisibleDist=4000.000000
MaxStreakVisibleDist=1000.000000
TimeFuzed=FALSE