[GunData001]
TypeName=30MM_GSH30
FullName=30mm GSh-30 Cannon
Caliber=30.000000
ROF=3000.000000
MuzzleVel=870.000000
AmmoWt=0.390000
WarheadWt=0.040000
Reliability=95.000000
Accuracy=66.000000
AddLight=TRUE
MaxLightRange=1200.000000
FireColor=0.400000,0.320000,0.240000
GunFireEffect=30mmFireEffect
GunFireSound=30MMGUN
EffectClassName=30mmEffects
EffectTime=0.100000
TracerTexture=Tracer2.tga
TracerSize=0.100000
TracerDistFactor=0.002000
TracerLength=0.018000
MaxVisibleDist=4000.000000
MaxStreakVisibleDist=1000.000000
TimeFuzed=FALSE
