[GunData001]
TypeName=7.5mm_BrowningFN
FullName=7.5mm MAC 1934
Caliber=7.500000
ROF=1350.000000
MuzzleVel=830.000000
AmmoWt=0.009200
WarheadWt=0.000000
Reliability=97.000000
Accuracy=70.000000
AddLight=TRUE
MaxLightRange=1000.000000
FireColor=0.150000,0.150000,0.150000
GunFireEffect=LmgFireEffect
GunFireSound=50cal
EffectClassName=LmgEffects
EffectTime=0.100000
TracerTexture=Tracer.tga
TracerSize=0.150000
TracerDistFactor=0.002000
TracerLength=0.015000
MaxVisibleDist=4000.000000
MaxStreakVisibleDist=1000.000000
TimeFuzed=FALSE