[GunData001]
TypeName=25MM_M242
FullName=25mm M242 Bushmaster
Caliber=25.000000
ROF=200.000000
MuzzleVel=1100.000000
AmmoWt=0.180000
WarheadWt=0.010000
Reliability=100.000000
Accuracy=50.000000
AddLight=TRUE
MaxLightRange=1200.000000
FireColor=0.500000,0.450000,0.320000
GunFireEffect=23mmFireEffect
GunFireSound=23MM
EffectClassName=23mmEffects
EffectTime=0.100000
TracerTexture=Tracer.tga
TracerSize=0.150000
TracerDistFactor=0.002000
TracerLength=0.015000
MaxVisibleDist=4000.000000
MaxStreakVisibleDist=1000.000000
TimeFuzed=FALSE