[GunData001]
TypeName=1PDR_VICKERS_MK3
FullName=1 pdr Vickers Mk III
Caliber=37.000000
ROF=120.000000
MuzzleVel=365.000000
AmmoWt=0.450000
WarheadWt=0.045000
CartridgeWt=0.917230
Reliability=75.000000
Accuracy=70.000000
AddLight=TRUE
MaxLightRange=20.000000
FireColor=0.400000,0.360000,0.256000
GunFireEffect=37mmFireEffect
GunFireSound=Cannon
EffectClassName=37mmEffects
EffectTime=0.100000
TracerTexture=Tracer.tga
TracerSize=0.150000
TracerDistFactor=0.002000
TracerLength=0.015000
MaxVisibleDist=4000.000000
MaxStreakVisibleDist=1000.000000
TimeFuzed=FALSE