[WeaponData001]
TypeName=SMER
FullName=Soviet Multiple Ejector Rack
ModelName=mer
Mass=97.519997
Diameter=0.260000
Length=3.590000
SubsonicDragCoeff=0.200000
SupersonicDragCoeff=0.770000
AttachmentType=WP,SOVIET
SpecificStationCode=
NationName=SOVIET
StartYear=1955
EndYear=2020
Availability=3
BaseQuantity=8
Exported=TRUE
ExportStartYear=1955
ExportEndYear=2020
ExportAvailability=1
WeaponDataType=6
WeaponsRackType=MER
NumWeapons=6
LoadLimit=500.000000
LengthLimit=2.200000
MaxFuelAmount=0.000000
Attachment01Position=0.180000,1.110000,0.000000
Attachment01Angle=0.000000,0.000000,-2578.310078
Attachment02Position=0.180000,-1.130000,0.000000
Attachment02Angle=0.000000,0.000000,-2578.310078
Attachment03Position=-0.180000,1.110000,0.000000
Attachment03Angle=0.000000,0.000000,2578.310078
Attachment04Position=-0.180000,-1.130000,0.000000
Attachment04Angle=0.000000,0.000000,2578.310078
Attachment05Position=0.000000,1.110000,-0.220000
Attachment05Angle=0.000000,0.000000,0.000000
Attachment06Position=0.000000,-1.130000,-0.220000
Attachment06Angle=0.000000,0.000000,0.000000
