[GunData001]
TypeName=QF 4.7" AA gun
FullName=QF 4.7"(120mm)AA gun
Caliber=120.000000
ROF=12.000000
MuzzleVel=920.000000
AmmoWt=30.250002
WarheadWt=0.000000
Reliability=100.000000
Accuracy=95.000000
AddLight=TRUE
MaxLightRange=2000.000000
FireColor=0.400000,0.360000,0.256000
GunFireEffect=TankGunFireEffect
GunFireSound=88mmGun
EffectClassName=TankGunEffects
EffectTime=0.100000
TracerTexture=Tracer3.tga
TracerSize=0.200000
TracerDistFactor=0.002000
TracerLength=0.018000
MaxVisibleDist=4000.000000
MaxStreakVisibleDist=1000.000000
TimeFuzed=TRUE