[GunData001]
TypeName=23MM_AZP23
FullName=23mm AZP-23 Cannon
Caliber=23.000000
ROF=1000.000000
MuzzleVel=1000.000000
AmmoWt=0.183000
WarheadWt=0.018300
Reliability=97.000000
Accuracy=90.000000
AddLight=TRUE
MaxLightRange=1000.000000
FireColor=0.250000,0.225000,0.160000
GunFireEffect=23mmFireEffect
GunFireSound=23MM
EffectClassName=23mmEffects
EffectTime=0.100000
TracerTexture=Tracer2.tga
TracerSize=0.150000
TracerDistFactor=0.002000
TracerLength=0.015000
MaxVisibleDist=4000.000000
MaxStreakVisibleDist=1000.000000
TimeFuzed=FALSE