[GunData001]
TypeName=30MM_GSH630L
FullName=30mm GSh-6-30L Cannon
Caliber=30.000000
ROF=1000.000000
MuzzleVel=900.000000
AmmoWt=0.390000
WarheadWt=0.040000
Reliability=97.000000
Accuracy=65.000000
AddLight=TRUE
MaxLightRange=10200.000000
FireColor=0.400000,0.320000,0.240000
GunFireEffect=30mmFireEffect
GunFireSound=GSH30-6
EffectClassName=30mmEffects
EffectTime=0.100000
TracerTexture=Tracer2.tga
TracerSize=0.100000
TracerDistFactor=0.002000
TracerLength=0.018000
MaxVisibleDist=4000.000000
MaxStreakVisibleDist=1000.000000
TimeFuzed=FALSE