[GunData001]
TypeName=130MM_AK130
FullName=130mm AK130 Cannon
Caliber=130.000000
ROF=35.000000
MuzzleVel=950.000000
AmmoWt=35.250000
WarheadWt=4.200000
Reliability=95.000000
Accuracy=70.000000
AddLight=TRUE
MaxLightRange=1200.000000
FireColor=0.500000,0.450000,0.320000
GunFireEffect=ArtilleryFireEffect
GunFireSound=100MM
EffectClassName=TankGunEffects
EffectTime=0.100000
TracerTexture=Tracer2.tga
TracerSize=0.200000
TracerDistFactor=0.002000
TracerLength=0.018000
MaxVisibleDist=4000.000000
MaxStreakVisibleDist=4000.000000
TimeFuzed=TRUE