[GunData001]
TypeName=20MM_M168
FullName=20mm M168 Vulcan
Caliber=20.000000
ROF=3000.000000
MuzzleVel=1030.000000
AmmoWt=0.101000
WarheadWt=0.010100
Reliability=100.000000
Accuracy=50.000000
AddLight=TRUE
MaxLightRange=1000.000000
FireColor=0.500000,0.450000,0.320000
GunFireEffect=20mmFireEffect
GunFireSound=Vulcan
EffectClassName=20mmEffects
EffectTime=0.100000
TracerTexture=Tracer.tga
TracerSize=0.150000
TracerDistFactor=0.002000
TracerLength=0.015000
MaxVisibleDist=4000.000000
MaxStreakVisibleDist=1000.000000
TimeFuzed=FALSE