[GunData001]
TypeName=57MM_Molins
FullName=57mm Molins QF cannon
Caliber=57.000000
ROF=55.000000
MuzzleVel=892.000000
AmmoWt=2.860000
WarheadWt=0.150000
Reliability=95.000000
Accuracy=95.000000
AddLight=TRUE
MaxLightRange=1200.000000
FireColor=0.500000,0.450000,0.320000
GunFireEffect=37mmFireEffect
GunFireSound=TankGun
EffectClassName=37mmEffects
EffectTime=0.100000
TracerTexture=Tracer2.tga
TracerSize=0.200000
TracerDistFactor=0.002000
TracerLength=0.025000
MaxVisibleDist=4000.000000
MaxStreakVisibleDist=1000.000000
TimeFuzed=FALSE
