[GunData001]
TypeName=20MM_Mk11
FullName=20mm Mk.11 Cannon
Caliber=20.000000
ROF=4200.000000
MuzzleVel=1010.000000
AmmoWt=0.110000
WarheadWt=0.011000
Reliability=95.000000
Accuracy=80.000000
AddLight=TRUE
MaxLightRange=1000.000000
FireColor=0.250000,0.225000,0.160000
GunFireEffect=20mmFireEffect
GunFireSound=20MMGUN
EffectClassName=20mmEffects
EffectTime=0.100000
TracerTexture=Tracer.tga
TracerSize=0.150000
TracerDistFactor=0.002000
TracerLength=0.015000
MaxVisibleDist=4000.000000
MaxStreakVisibleDist=1000.000000
TimeFuzed=FALSE