[GunData001]
TypeName=23MM_NS23
FullName=23mm NS-23 Cannon
Caliber=23.000000
ROF=550.000000
MuzzleVel=690.000000
AmmoWt=0.175000
WarheadWt=0.015000
Reliability=95.000000
Accuracy=66.000000
AddLight=TRUE
MaxLightRange=1000.000000
FireColor=0.250000,0.225000,0.160000
GunFireEffect=23mmFireEffect
GunFireSound=NS23
EffectClassName=23mmEffects
EffectTime=0.100000
TracerTexture=Tracer2.tga
TracerSize=0.150000
TracerDistFactor=0.002000
TracerLength=0.015000
MaxVisibleDist=4000.000000
MaxStreakVisibleDist=1000.000000
TimeFuzed=FALSE