[GunData001]
TypeName=30MM_2A38M
FullName=30mm 2A38M Anti-Aircarft Gun
Caliber=30.000000
ROF=2500.000000
MuzzleVel=960.000000
AmmoWt=0.389000
WarheadWt=0.047700
Reliability=97.000000
Accuracy=94.000000
AddLight=TRUE
MaxLightRange=1300.000000
FireColor=0.270000,0.400000,0.400000
GunFireEffect=30mmFireEffect
GunFireSound=GSH630
EffectClassName=30mmEffects
EffectTime=0.180000
TracerTexture=Tracer.tga
TracerSize=0.400000
TracerDistFactor=0.003000
TracerLength=0.024000
MaxVisibleDist=5000.000000
MaxStreakVisibleDist=1200.000000
TimeFuzed=FALSE
