[GunData001]
TypeName=14MM_KPV
FullName=14.5mm KPV Machinegun
Caliber=14.500000
ROF=600.000000
MuzzleVel=976.000000
AmmoWt=0.064000
WarheadWt=0.000000
Reliability=95.000000
Accuracy=66.000000
AddLight=FALSE
MaxLightRange=1000.000000
FireColor=0.150000,0.150000,0.150000
GunFireEffect=HmgFireEffect
GunFireSound=Hmg
EffectClassName=HmgEffects
EffectTime=0.100000
TracerTexture=Tracer2.tga
TracerSize=0.150000
TracerDistFactor=0.002000
TracerLength=0.015000
MaxVisibleDist=4000.000000
MaxStreakVisibleDist=1000.000000
TimeFuzed=FALSE