[GunData001]
TypeName=16IN_MK I
FullName=BL 16 inch MK I
Caliber=406.000000
ROF=1.600000
MuzzleVel=788.000000
AmmoWt=929.610046
WarheadWt=190.660004
Reliability=86.000000
Accuracy=75.000000
AddLight=TRUE
MaxLightRange=42000.000000
FireColor=0.400000,0.360000,0.256000
GunFireEffect=300mmFireEffect
GunFireSound=400mmGun
EffectClassName=ArtilleryEffects
EffectTime=0.400000
TracerTexture=Tracer3.tga
TracerSize=0.400000
TracerDistFactor=0.004000
TracerLength=0.018000
MaxVisibleDist=42000.000000
MaxStreakVisibleDist=42000.000000
TimeFuzed=TRUE