[EffectType001]
Name=CatSteamEffect
Element[01].ElementType=HOLD_EMITTER
Element[01].ElementName=CatSteamEmitter
Element[01].StartTime=0.000000
Element[01].StartTimeDeviation=0.000000
Element[01].EjectTime=-1.000000
Element[01].EjectTimeDeviation=0.000000

[EffectType002]
Name=CatLaunchEffect
Element[01].ElementType=HOLD_EMITTER
Element[01].ElementName=CatLaunchEmitter
Element[01].StartTime=0.000000
Element[01].StartTimeDeviation=0.000000
Element[01].EjectTime=-1.000000
Element[01].EjectTimeDeviation=0.000000

[EmitterType001]
Name=CatSteamEmitter
EmissionType=POINT_EMITTER
UpdateType=NON_MOVING
MaxVisibleDistance=20000.000000
EmissionRate=0.25000
EmissionVolume=0.200000,0.200000,0.200000
ParticleUpdateType=RANDOM_MOVING
ParticleRenderType=SPRITE
ParticleRandomOrientation=TRUE
ParticleLifeTime=3.000000
ParticleLifeTimeDeviation=0.200000
ParticleWeight=-0.20000
ParticleRandomness=0.100000
ParticleWindFactor=1.0
ParticleColorTableType=TABLE
ParticleColor[01].Time=0.000000
ParticleColor[01].Value=1.000000,1.000000,1.000000,0.000000
ParticleColor[02].Time=0.080000
ParticleColor[02].Value=1.000000,1.000000,1.000000,0.200000
ParticleColor[03].Time=0.200000
ParticleColor[03].Value=1.000000,1.000000,1.000000,0.150000
ParticleColor[04].Time=0.800000
ParticleColor[04].Value=1.000000,1.000000,1.000000,0.100000
ParticleColor[05].Time=1.000000
ParticleColor[05].Value=1.000000,1.000000,1.000000,0.000000
ParticleSizeTableType=TABLE
ParticleSize[01].Time=0.000000
ParticleSize[01].Value=0.400000
ParticleSize[02].Time=0.4000000
ParticleSize[02].Value=0.800000
ParticleSize[03].Time=0.8000000
ParticleSize[03].Value=1.200000
ParticleSize[04].Time=1.0000000
ParticleSize[04].Value=1.200000
BaseSizeDeviation=0.3
TextureMaterial=SmokeMaterial

[EmitterType002]
Name=CatLaunchEmitter
EmissionType=POINT_EMITTER
UpdateType=NON_MOVING
MaxVisibleDistance=20000.000000
EmissionRate=0.05000
EmissionVolume=0.200000,0.200000,0.200000
ParticleUpdateType=RANDOM_MOVING
ParticleRenderType=SPRITE
ParticleRandomOrientation=TRUE
ParticleLifeTime=2.000000
ParticleLifeTimeDeviation=0.300000
ParticleWeight=-0.40000
ParticleRandomness=0.150000
ParticleWindFactor=1.0
ParticleColorTableType=TABLE
ParticleColor[01].Time=0.000000
ParticleColor[01].Value=1.000000,1.000000,1.000000,0.000000
ParticleColor[02].Time=0.080000
ParticleColor[02].Value=1.000000,1.000000,1.000000,0.200000
ParticleColor[03].Time=0.200000
ParticleColor[03].Value=1.000000,1.000000,1.000000,0.150000
ParticleColor[04].Time=0.800000
ParticleColor[04].Value=1.000000,1.000000,1.000000,0.100000
ParticleColor[05].Time=1.000000
ParticleColor[05].Value=1.000000,1.000000,1.000000,0.000000
ParticleSizeTableType=TABLE
ParticleSize[01].Time=0.000000
ParticleSize[01].Value=1.000000
ParticleSize[02].Time=0.6000000
ParticleSize[02].Value=1.500000
ParticleSize[03].Time=0.8000000
ParticleSize[03].Value=2.000000
ParticleSize[04].Time=1.0000000
ParticleSize[04].Value=2.000000
BaseSizeDeviation=0.3
TextureMaterial=SmokeMaterial

//=============================================================================

[SmokeMaterial]
EffectShaderName=effectLightLevel.fx
DepthBufferCheck=TRUE
DepthBufferWrite=FALSE
IgnoreRenderOrder=FALSE
AlphaTestEnabled=FALSE
LightEnabled=FALSE
UseLightLevel=TRUE
SpecularEnabled=FALSE
EmissiveEnabled=FALSE
AmbientColor=1.000000,1.000000,1.000000,1.000000
DiffuseColor=1.000000,1.000000,1.000000,1.000000
ZBufferOffset=0.000000
PriorityLevel=3
BlendOp=BLEND_SRC_ALPHA
NumTextureStages=1
TextureStage[01].TextureName=smokewhite.tga
TextureStage[01].MipMap=FALSE
TextureStage[01].FilterEnabled=TRUE
TextureStage[01].StageColorOp=TEXTURE_MODULATE_DIFFUSE
TextureStage[01].StageAlphaOp=TEXTURE_MODULATE_DIFFUSE
