[EmitterType001]
Name=MediumShortStructureCollapseEmitter
EmissionType=RADIAL_EMITTER
UpdateType=NON_MOVING
LifeTime=2.000000
MaxVisibleDistance=8000.000000
PositiveZOnly=TRUE
EmissionRate=0.02	//0.020
EmissionVolume=0.000000,0.000000,10.00000
EmissionVelocityTableType=CONSTANT
EmissionVelocity=0.000000,0.000000,-250000.000000
EmissionVelocityDeviation=0.0000
RadialVelocityTableType=CONSTANT
RadialVelocity=200000.0
RadialVelocityDeviation=0.25
ParticleUpdateType=SIMPLE_POINT
ParticleRenderType=SPRITE
ParticleRandomOrientation=TRUE
ParticleLifeTime=20.000000
ParticleLifeTimeDeviation=0.3000
ParticleWeight=-1.00000
ParticleRandomness=0.010000
ParticleDragFactor=0.300000
ParticleInheritence=0.000100
ParticleColorTableType=TABLE
ParticleColor[01].Time=0.000000
ParticleColor[01].Value=0.200000,0.200000,0.200000,0.0000000
ParticleColor[02].Time=0.02000
ParticleColor[02].Value=0.200000,0.200000,0.2000000,0.80000000
ParticleColor[03].Time=0.500000
ParticleColor[03].Value=0.300000,0.300000,0.300000,0.600000
ParticleColor[04].Time=1.000000
ParticleColor[04].Value=0.700000,0.700000,0.7000000,0.0000000
ParticleSizeTableType=TABLE
ParticleSize[01].Time=0.000000
ParticleSize[01].Value=5.000000
ParticleSize[02].Time=0.500000
ParticleSize[02].Value=15.000000
ParticleSize[03].Time=0.75000000
ParticleSize[03].Value=20.000000
ParticleSize[04].Time=1.0000000
ParticleSize[04].Value=25.000000
BaseSizeDeviation=0.3
TextureMaterial=SmokeMaterial