[GunData001]
TypeName=73mm_2A28
FullName=73mm 2A28 "Grom"
Caliber=73.000000
ROF=15.000000
MuzzleVel=720.000000
AmmoWt=6.800000
WarheadWt=0.250000
Reliability=100.000000
Accuracy=80.000000
AddLight=TRUE
MaxLightRange=2000.000000
FireColor=0.400000,0.360000,0.256000
GunFireEffect=TankGunFireEffect
GunFireSound=85MM
EffectClassName=TankGunEffects
EffectTime=0.100000
TracerTexture=Tracer3.tga
TracerSize=0.200000
TracerDistFactor=0.002000
TracerLength=0.018000
MaxVisibleDist=4000.000000
MaxStreakVisibleDist=1000.000000
TimeFuzed=FALSE