[GunData001]
TypeName=23MM_GSH23
FullName=23mm GSh-23 Cannon
Caliber=23.000000
ROF=3500.000000
MuzzleVel=740.000000
AmmoWt=0.175000
WarheadWt=0.018000
Reliability=96.000000
Accuracy=66.000000
AddLight=TRUE
MaxLightRange=1000.000000
FireColor=0.400000,0.320000,0.240000
GunFireEffect=23mmFireEffect
GunFireSound=GSH23
EffectClassName=23mmEffects
EffectTime=0.100000
TracerTexture=Tracer2.tga
TracerSize=0.100000
TracerDistFactor=0.002000
TracerLength=0.005000
MaxVisibleDist=4000.000000
MaxStreakVisibleDist=1000.000000
TimeFuzed=FALSE