[GunData001]
TypeName=50mm_L60
FullName=50mm KWK L60
Caliber=50.000000
ROF=6.000000
MuzzleVel=835.000000
AmmoWt=2.060000
WarheadWt=0.125000
Reliability=80.000000
Accuracy=90.000000
AddLight=TRUE
MaxLightRange=1200.000000
FireColor=0.500000,0.450000,0.320000
GunFireEffect=37mmFireEffect
GunFireSound=50MMGUN
EffectClassName=37mmEffects
EffectTime=0.100000
TracerTexture=Tracer2.tga
TracerSize=0.200000
TracerDistFactor=0.002000
TracerLength=0.018000
MaxVisibleDist=4000.000000
MaxStreakVisibleDist=1000.000000
TimeFuzed=TRUE