[GunData001]
TypeName=20MM_M24
FullName=20mm M24 Cannon
Caliber=20.000000
ROF=800.000000
MuzzleVel=945.000000
AmmoWt=0.102000
WarheadWt=0.010000
Reliability=92.000000
Accuracy=88.000000
AddLight=TRUE
MaxLightRange=1000.000000
FireColor=0.250000,0.225000,0.160000
GunFireEffect=20mmFireEffect
GunFireSound=20MM1
EffectClassName=20mmEffects
EffectTime=0.100000
TracerTexture=Tracer.tga
TracerSize=0.150000
TracerDistFactor=0.002000
TracerLength=0.015000
MaxVisibleDist=4000.000000
MaxStreakVisibleDist=1000.000000
TimeFuzed=FALSE