[GunData001]
TypeName=37MM_M10
FullName=37mm M10 Cannon
Caliber=37.000000
ROF=150.000000
MuzzleVel=610.000000
AmmoWt=0.608000
WarheadWt=0.061000
Reliability=92.000000
Accuracy=58.000000
AddLight=TRUE
MaxLightRange=1200.000000
FireColor=0.500000,0.450000,0.320000
GunFireEffect=37mmFireEffect
GunFireSound=37MM1
EffectClassName=37mmEffects
EffectTime=0.100000
TracerTexture=Tracer.tga
TracerSize=0.200000
TracerDistFactor=0.002000
TracerLength=0.018000
MaxVisibleDist=4000.000000
MaxStreakVisibleDist=1000.000000
TimeFuzed=FALSE