[GunData001]
TypeName=30MM_NR30
FullName=30mm NR-30 Cannon
Caliber=30.000000
ROF=900.000000
MuzzleVel=800.000000
AmmoWt=0.400000
WarheadWt=0.048500
Reliability=95.000000
Accuracy=90.000000
AddLight=TRUE
MaxLightRange=1200.000000
FireColor=0.400000,0.320000,0.240000
GunFireEffect=30mmFireEffect
GunFireSound=NR30
EffectClassName=30mmEffects
EffectTime=0.100000
TracerTexture=Tracer2.tga
TracerSize=0.200000
TracerDistFactor=0.002000
TracerLength=0.018000
MaxVisibleDist=4000.000000
MaxStreakVisibleDist=1000.000000
TimeFuzed=FALSE