[GunData001]
TypeName=76MM_OM
FullName=76mm/62 Otomelara Cannon
Caliber=76.000000
ROF=120.000000
MuzzleVel=1200.000000
AmmoWt=6.800000
WarheadWt=4.000000
Reliability=99.000000
Accuracy=99.000000
AddLight=TRUE
MaxLightRange=1200.000000
FireColor=0.500000,0.450000,0.320000
GunFireEffect=37mmFireEffect
GunFireSound=85MM
EffectClassName=37mmEffects
EffectTime=0.100000
TracerTexture=Tracer2.tga
TracerSize=0.200000
TracerDistFactor=0.002000
TracerLength=0.018000
MaxVisibleDist=4000.000000
MaxStreakVisibleDist=1000.000000
TimeFuzed=TRUE