[GunData001]
TypeName=5.56MM_Assaultrifle
FullName=M16_Assaultrifle
Caliber=5.560000
ROF=800.000000
MuzzleVel=1200.000000
AmmoWt=0.005730
WarheadWt=0.000000
Reliability=97.000000
Accuracy=70.000000
AddLight=FALSE
MaxLightRange=1000.000000
FireColor=0.150000,0.150000,0.150000
GunFireEffect=LmgFireEffect
GunFireSound=M-16
EffectClassName=LmgEffects
EffectTime=0.100000
TracerTexture=Tracer.tga
TracerSize=0.150000
TracerDistFactor=0.002000
TracerLength=0.015000
MaxVisibleDist=4000.000000
MaxStreakVisibleDist=1000.000000
TimeFuzed=FALSE