[GunData001]
TypeName=30MM_GSH630
FullName=30mm GSh-6-30 Cannon
Caliber=30.000000
ROF=6000.000000
MuzzleVel=845.000000
AmmoWt=0.390000
WarheadWt=0.040000
Reliability=97.000000
Accuracy=50.000000
AddLight=TRUE
MaxLightRange=1200.000000
FireColor=0.400000,0.320000,0.240000
GunFireEffect=30mmFireEffect
GunFireSound=GSH630
EffectClassName=30mmEffects
EffectTime=0.100000
TracerTexture=Tracer2.tga
TracerSize=0.100000
TracerDistFactor=0.002000
TracerLength=0.018000
MaxVisibleDist=4000.000000
MaxStreakVisibleDist=1000.000000
TimeFuzed=FALSE