[GunData001]
TypeName=40MM_Breda
FullName=40mm Breda Dardo
Caliber=40.000000
ROF=300.000000
MuzzleVel=1000.000000
AmmoWt=0.955000
WarheadWt=0.090000
Reliability=95.000000
Accuracy=85.000000
AddLight=TRUE
MaxLightRange=1200.000000
FireColor=0.500000,0.450000,0.320000
GunFireEffect=37mmFireEffect
GunFireSound=40MMGUN
EffectClassName=37mmEffects
EffectTime=0.100000
TracerTexture=Tracer.tga
TracerSize=0.200000
TracerDistFactor=0.002000
TracerLength=0.018000
MaxVisibleDist=4000.000000
MaxStreakVisibleDist=1000.000000
TimeFuzed=TRUE