[GunData001]
TypeName=76MM_AK726
FullName=76.2mm AK-726 Cannon
Caliber=76.199997
ROF=90.000000
MuzzleVel=980.000000
AmmoWt=6.800000
WarheadWt=0.460000
Reliability=85.000000
Accuracy=85.000000
AddLight=TRUE
MaxLightRange=1200.000000
FireColor=0.500000,0.450000,0.320000
GunFireEffect=37mmFireEffect
GunFireSound=85MM
EffectClassName=37mmEffects
EffectTime=0.100000
TracerTexture=Tracer2.tga
TracerSize=0.200000
TracerDistFactor=0.002000
TracerLength=0.018000
MaxVisibleDist=4000.000000
MaxStreakVisibleDist=1000.000000
TimeFuzed=TRUE