[GunData001]
TypeName=30CAL_M2
FullName=0.30-cal M2 Machinegun
Caliber=7.620000
ROF=1200.000000
MuzzleVel=835.000000
AmmoWt=0.009730
WarheadWt=0.000000
Reliability=97.000000
Accuracy=70.000000
AddLight=FALSE
MaxLightRange=1000.000000
FireColor=0.150000,0.150000,0.150000
GunFireEffect=LmgFireEffect
GunFireSound=50cal
0.30MM
EffectClassName=LmgEffects
EffectTime=0.100000
TracerTexture=Tracer.tga
TracerSize=0.050000
TracerDistFactor=0.002000
TracerLength=0.015000
MaxVisibleDist=4000.000000
MaxStreakVisibleDist=5000.000000
TimeFuzed=FALSE