[GunData001]
TypeName=100MM_TYPE59
FullName=100mm_TYPE59 Cannon
Caliber=100.000000
ROF=70.000000
MuzzleVel=900.000000
AmmoWt=15.610001
WarheadWt=1.660000
Reliability=95.000000
Accuracy=80.000000
AddLight=TRUE
MaxLightRange=2500.000000
FireColor=0.400000,0.360000,0.256000
GunFireEffect=TankGunFireEffect
GunFireSound=100MM
EffectClassName=TankGunEffects
EffectTime=0.100000
TracerTexture=Tracer3.tga
TracerSize=0.200000
TracerDistFactor=0.004000
TracerLength=0.018000
MaxVisibleDist=4200.000000
MaxStreakVisibleDist=1000.000000
TimeFuzed=TRUE