[GunData001]
TypeName=105MM_M102
FullName=105mm M102 Howitzer
Caliber=105.000000
ROF=6.000000
MuzzleVel=465.000000
AmmoWt=15.000001
WarheadWt=3.200000
Reliability=100.000000
Accuracy=90.000000
AddLight=TRUE
MaxLightRange=2000.000000
FireColor=0.400000,0.360000,0.256000
GunFireEffect=ArtilleryFireEffect
GunFireSound=100MM
EffectClassName=ArtilleryEffects
EffectTime=0.100000
TracerTexture=Tracer3.tga
TracerSize=0.200000
TracerDistFactor=0.002000
TracerLength=0.018000
MaxVisibleDist=4000.000000
MaxStreakVisibleDist=1000.000000
TimeFuzed=FALSE