[GunData001]
TypeName=23MM_GSH623
FullName=23mm GSh-6-23 Cannon
Caliber=23.000000
ROF=10000.000000
MuzzleVel=715.000000
AmmoWt=0.174000
WarheadWt=0.018000
Reliability=98.000000
Accuracy=50.000000
AddLight=TRUE
MaxLightRange=1000.000000
FireColor=0.400000,0.320000,0.240000
GunFireEffect=23mmFireEffect
GunFireSound=GSH-6-23M
EffectClassName=23mmEffects
EffectTime=0.100000
TracerTexture=Tracer2.tga
TracerSize=0.100000
TracerDistFactor=0.002000
TracerLength=0.005000
MaxVisibleDist=4000.000000
MaxStreakVisibleDist=1000.000000
TimeFuzed=FALSE