[GunData001]
TypeName=30MM_GSH301
FullName=30mm Gsh-301 Cannon
Caliber=30.000000
ROF=1800.000000
MuzzleVel=860.000000
AmmoWt=0.400000
WarheadWt=0.048500
Reliability=95.000000
Accuracy=90.000000
AddLight=TRUE
MaxLightRange=1200.000000
FireColor=0.400000,0.320000,0.240000
GunFireEffect=30mmFireEffect
GunFireSound=GSh301
EffectClassName=30mmEffects
EffectTime=0.150000
TracerTexture=Tracer2.tga
TracerSize=0.100000
TracerDistFactor=0.002000
TracerLength=0.015000
MaxVisibleDist=4000.000000
MaxStreakVisibleDist=1000.000000
TimeFuzed=FALSE