[GunData001]
TypeName=20MM_M39
FullName=20mm M39E Cannon
Caliber=20.000000
ROF=1700.000000
MuzzleVel=1030.000000
AmmoWt=0.101000
WarheadWt=0.010100
Reliability=96.000000
Accuracy=74.000000
AddLight=TRUE
MaxLightRange=1000.000000
FireColor=0.250000,0.225000,0.160000
GunFireEffect=20mmFireEffect
GunFireSound=M39Cannon
EffectClassName=20mmEffects
EffectTime=0.100000
TracerTexture=Tracer.tga
TracerSize=0.150000
TracerDistFactor=0.002000
TracerLength=0.015000
MaxVisibleDist=4000.000000
MaxStreakVisibleDist=1000.000000
TimeFuzed=FALSE