[GunData001]
TypeName=7.62MM_AK-47
FullName=AK-47
Caliber=7.620000
ROF=600.000000
MuzzleVel=710.000000
AmmoWt=0.007000
WarheadWt=0.000000
Reliability=100.000000
Accuracy=70.000000
AddLight=TRUE
MaxLightRange=1000.000000
FireColor=0.250000,0.225000,0.160000
GunFireEffect=LmgFireEffect
GunFireSound=AK-47
EffectClassName=LmgEffects
EffectTime=0.050000
TracerTexture=Tracer.tga
TracerSize=0.150000
TracerDistFactor=0.002000
TracerLength=0.015000
MaxVisibleDist=2800.000000
MaxStreakVisibleDist=1800.000000
TimeFuzed=FALSE