[GunData001]
TypeName=75MM_MLE97
FullName=75mm Mle 97 Autocanon
Caliber=75.000000
ROF=15.000000
MuzzleVel=575.000000
AmmoWt=6.250000
WarheadWt=0.625000
CartridgeWt=3.768750
Reliability=80.000000
Accuracy=80.000000
AddLight=TRUE
MaxLightRange=50.000000
FireColor=0.500000,0.450000,0.320000
GunFireEffect=ArtilleryFireEffect
GunFireSound=AAA
EffectClassName=EntenteAAEffects
EffectTime=0.100000
TracerTexture=Tracer2.tga
TracerSize=0.200000
TracerDistFactor=0.002000
TracerLength=0.018000
MaxVisibleDist=8000.000000
MaxStreakVisibleDist=1000.000000
TimeFuzed=TRUE