[GunData001]
TypeName=7.62MM_M134-2
FullName=7.62mm M134 MiniGun
Caliber=7.620000
ROF=4500.000000
MuzzleVel=2000.000000
AmmoWt=0.007000
WarheadWt=0.001000
Reliability=100.000000
Accuracy=70.000000
AddLight=TRUE
MaxLightRange=1000.000000
FireColor=0.500000,0.450000,0.320000
GunFireEffect=20mmFireEffect
GunFireSound=Vulcan
EffectClassName=20mmEffects
EffectTime=0.500000
TracerTexture=Tracer.tga
TracerSize=0.150000
TracerDistFactor=0.002000
TracerLength=0.015000
MaxVisibleDist=4000.000000
MaxStreakVisibleDist=10000.000000
TimeFuzed=FALSE